------------- S i l l y   L o g   S t a t i s t i c s -------------

Created by SkookumLogger 1.11.1
Log Name: Stew Perry 160m Contest
Contest Name: Stew Perry 160m Contest
Contest Start: 2016-06-18 1500Z
Contest Duration: 24 hours
Contest Call: AC2RK
Score: 0


----- S c o r e   B r e a k d o w n ------
          CW   SSB     D     S
------------------------------------------
  160      0     0     0     0


-------- O f f  P e r i o d s -------
  Minimum Off Time = 30 minutes
Begin            End               Min

  Total on time: 0.0 hours
Maximum On Time: 14.0 hours

------------- P o u n c e   Q S O / H o u r   R a t e   S u m m a r y -----------
HHMM     160    QSOs ∑QSOs    onT   Rate    BC
---------------------------------------------------------------------------------
1500       0      0      0     30      0     0
1530       0      0      0     30      0     0
1600       0      0      0     30      0     0
1630       0      0      0     30      0     0
1700       0      0      0     30      0     0
1730       0      0      0     30      0     0
1800       0      0      0     30      0     0
1830       0      0      0     30      0     0
1900       0      0      0     30      0     0
1930       0      0      0     30      0     0
2000       0      0      0     30      0     0
2030       0      0      0     30      0     0
2100       0      0      0     30      0     0
2130       0      0      0     30      0     0
2200       0      0      0     30      0     0
2230       0      0      0     30      0     0
2300       0      0      0     30      0     0
2330       0      0      0     30      0     0
0000       0      0      0     30      0     0
0030       0      0      0     30      0     0
0100       0      0      0     30      0     0
0130       0      0      0     30      0     0
0200       0      0      0     30      0     0
0230       0      0      0     30      0     0
0300       0      0      0     30      0     0
0330       0      0      0     30      0     0
0400       0      0      0     30      0     0
0430       0      0      0     30      0     0
0500       0      0      0     30      0     0
0530       0      0      0     30      0     0
0600       0      0      0     30      0     0
0630       0      0      0     30      0     0
0700       0      0      0     30      0     0
0730       0      0      0     30      0     0
0800       0      0      0     30      0     0
0830       0      0      0     30      0     0
0900       0      0      0     30      0     0
0930       0      0      0     30      0     0
1000       0      0      0     30      0     0
1030       0      0      0     30      0     0
1100       0      0      0     30      0     0
1130       0      0      0     30      0     0
1200       0      0      0     30      0     0
1230       0      0      0     30      0     0
1300       0      0      0     30      0     0
1330       0      0      0     30      0     0
1400       0      0      0     30      0     0
1430       0      0      0     30      0     0
----------------------------------------------------------------------------------
QSOs       0     66
Mins     252    252
Q/h      0.0    0.0
------------------------------------------------------

---------------- A L L   Q S O / H o u r   R a t e   S u m m a r y --------------
HHMM     160    QSOs ∑QSOs    onT   Rate    BC
---------------------------------------------------------------------------------
1500       0      0      0     30      0     0
1530       0      0      0     30      0     0
1600       0      0      0     30      0     0
1630       0      0      0     30      0     0
1700       0      0      0     30      0     0
1730       0      0      0     30      0     0
1800       0      0      0     30      0     0
1830       0      0      0     30      0     0
1900       0      0      0     30      0     0
1930       0      0      0     30      0     0
2000       0      0      0     30      0     0
2030       0      0      0     30      0     0
2100       0      0      0     30      0     0
2130       0      0      0     30      0     0
2200       0      0      0     30      0     0
2230       0      0      0     30      0     0
2300       0      0      0     30      0     0
2330       0      0      0     30      0     0
0000       0      0      0     30      0     0
0030       0      0      0     30      0     0
0100       0      0      0     30      0     0
0130       0      0      0     30      0     0
0200       0      0      0     30      0     0
0230       0      0      0     30      0     0
0300       0      0      0     30      0     0
0330       0      0      0     30      0     0
0400       0      0      0     30      0     0
0430       0      0      0     30      0     0
0500       0      0      0     30      0     0
0530       0      0      0     30      0     0
0600       0      0      0     30      0     0
0630       0      0      0     30      0     0
0700       0      0      0     30      0     0
0730       0      0      0     30      0     0
0800       0      0      0     30      0     0
0830       0      0      0     30      0     0
0900       0      0      0     30      0     0
0930       0      0      0     30      0     0
1000       0      0      0     30      0     0
1030       0      0      0     30      0     0
1100       0      0      0     30      0     0
1130       0      0      0     30      0     0
1200       0      0      0     30      0     0
1230       0      0      0     30      0     0
1300       0      0      0     30      0     0
1330       0      0      0     30      0     0
1400       0      0      0     30      0     0
1430       0      0      0     30      0     0
----------------------------------------------------------------------------------
QSOs       0     66
Mins     252    252
Q/h      0.0    0.0
------------------------------------------------------

*** No QSOs found in the contest period. ***
Check the Start Date and Contest Duration in Time Tracker.


Total band change count: 0

CQ count: 0

---------- C a l l  S i g n  S t a t i s t i c s ----------

  65 different calls worked
Call Sign Length Counts
-----------------------
 4 letters   50 QSOs
 5 letters   12 QSOs
 6 letters    4 QSOs
