------------- S i l l y   L o g   S t a t i s t i c s -------------

Created by SkookumLogger 1.11.5
Log Name: ARRL International DX Contest CW
Contest Name: ARRL International DX Contest CW
Contest Start: 2016-02-20 0000Z
Contest Duration: 48 hours
Contest Call: AC2RK
Score: 34,347


----- S c o r e   B r e a k d o w n ------
          CW   SSB     D     S     C
------------------------------------------
  160      0     0     0     0     0
   80      1     0     0     0     1
   40     23     0     0     0    23
   20     36     0     0     0    36
   15     45     0     0     1    45
   10      2     0     0     0     2
------------------------------------------
total    107     0     0     1   107


-------- O f f  P e r i o d s -------
  Minimum Off Time = 10 minutes
Begin            End               Min
2016-02-20 0000  2016-02-20 0051    52
2016-02-20 0051  2016-02-20 0110    18
2016-02-20 0123  2016-02-20 0235    72
2016-02-20 0245  2016-02-20 0302    16
2016-02-20 0302  2016-02-20 0320    18
2016-02-20 0330  2016-02-20 1202   511
2016-02-20 1229  2016-02-20 1803   334
2016-02-20 1925  2016-02-20 1943    18
2016-02-20 1957  2016-02-20 2217   140
2016-02-20 2217  2016-02-20 2247    30
2016-02-20 2247  2016-02-20 2259    12
2016-02-20 2325  2016-02-20 2351    26
2016-02-20 2351  2016-02-21 0008    17
2016-02-21 0008  2016-02-21 1321   793
2016-02-21 1358  2016-02-21 1431    32
2016-02-21 1440  2016-02-21 1510    30
2016-02-21 1545  2016-02-21 1631    47
2016-02-21 1648  2016-02-21 1713    25
2016-02-21 1713  2016-02-21 2056   223
2016-02-21 2109  2016-02-21 2129    20

  Total on time: 5.1 hours
Maximum On Time: 48.0 hours

------------- P o u n c e   Q S O / H o u r   R a t e   S u m m a r y -----------
HHMM     160     80     40     20     15     10    QSOs ∑QSOs    onT   Rate    BC
---------------------------------------------------------------------------------
0000       0      0      1      0      0      0      1      1     52      1     0
0100       0      0      3      0      0      0      3      4     24      8     0
0200       0      0      2      0      0      0      2      6     46      3     0
0300       0      0      4      0      0      0      4     10     31      8     0
0400       0      0      0      0      0      0      0     10      0      0     0
0500       0      0      0      0      0      0      0     10      0      0     0
0600       0      0      0      0      0      0      0     10      0      0     0
0700       0      0      0      0      0      0      0     10      0      0     0
0800       0      0      0      0      0      0      0     10      0      0     0
0900       0      0      0      0      0      0      0     10      0      0     0
1000       0      0      0      0      0      0      0     10      0      0     0
1100       0      0      0      0      0      0      0     10      0      0     0
1200       0      0      0      8      5      0     13     23     30     26     2
1300       0      0      0      0      0      0      0     23      0      0     0
1400       0      0      0      0      0      0      0     23      0      0     0
1500       0      0      0      0      0      0      0     23      0      0     0
1600       0      0      0      0      0      0      0     23      0      0     0
1700       0      0      0      0      0      0      0     23      0      0     0
1800       0      0      0      3     11      2     16     39     56     17     3
1900       0      0      0     10      0      0     10     49     57     10     0
2000       0      0      0      0      0      0      0     49      0      0     0
2100       0      0      0      0      0      0      0     49      0      0     0
2200       0      0      2      1      0      0      3     52      0    758     1
2300       0      0     11      0      0      0     11     63     51     13     0
0000       0      1      0      0      0      0      1     64      9      7     0
0100       0      0      0      0      0      0      0     64      0      0     0
0200       0      0      0      0      0      0      0     64      0      0     0
0300       0      0      0      0      0      0      0     64      0      0     0
0400       0      0      0      0      0      0      0     64      0      0     0
0500       0      0      0      0      0      0      0     64      0      0     0
0600       0      0      0      0      0      0      0     64      0      0     0
0700       0      0      0      0      0      0      0     64      0      0     0
0800       0      0      0      0      0      0      0     64      0      0     0
0900       0      0      0      0      0      0      0     64      0      0     0
1000       0      0      0      0      0      0      0     64      0      0     0
1100       0      0      0      0      0      0      0     64      0      0     0
1200       0      0      0      0      0      0      0     64      0      0     0
1300       0      0      0      6      5      0     11     75     59     11     2
1400       0      0      0      0      6      0      6     81     40      9     1
1500       0      0      0      0     10      0     10     91     45     13     0
1600       0      0      0      0      8      0      8     99     48     10     0
1700       0      0      0      0      1      0      1    100     14      4     0
1800       0      0      0      0      0      0      0    100      0      0     0
1900       0      0      0      0      0      0      0    100      0      0     0
2000       0      0      0      1      0      0      1    101      3     18     0
2100       0      0      0      7      0      0      7    108     40     11     1
2200       0      0      0      0      0      0      0    108     60      0     0
2300       0      0      0      0      0      0      0    108     60      0     0
----------------------------------------------------------------------------------
QSOs       0      1     23     36     46      2    108
Mins       0      0     60    111    124      9    305
Q/h      0.0    0.0   22.9   19.5   22.2   13.0   21.3
------------------------------------------------------

---------------- A L L   Q S O / H o u r   R a t e   S u m m a r y --------------
HHMM     160     80     40     20     15     10    QSOs ∑QSOs    onT   Rate    BC
---------------------------------------------------------------------------------
0000       0      0      1      0      0      0      1      1     52      1     0
0100       0      0      3      0      0      0      3      4     24      8     0
0200       0      0      2      0      0      0      2      6     46      3     0
0300       0      0      4      0      0      0      4     10     31      8     0
0400       0      0      0      0      0      0      0     10      0      0     0
0500       0      0      0      0      0      0      0     10      0      0     0
0600       0      0      0      0      0      0      0     10      0      0     0
0700       0      0      0      0      0      0      0     10      0      0     0
0800       0      0      0      0      0      0      0     10      0      0     0
0900       0      0      0      0      0      0      0     10      0      0     0
1000       0      0      0      0      0      0      0     10      0      0     0
1100       0      0      0      0      0      0      0     10      0      0     0
1200       0      0      0      8      5      0     13     23     30     26     2
1300       0      0      0      0      0      0      0     23      0      0     0
1400       0      0      0      0      0      0      0     23      0      0     0
1500       0      0      0      0      0      0      0     23      0      0     0
1600       0      0      0      0      0      0      0     23      0      0     0
1700       0      0      0      0      0      0      0     23      0      0     0
1800       0      0      0      3     11      2     16     39     56     17     3
1900       0      0      0     10      0      0     10     49     57     10     0
2000       0      0      0      0      0      0      0     49      0      0     0
2100       0      0      0      0      0      0      0     49      0      0     0
2200       0      0      2      1      0      0      3     52      0    758     1
2300       0      0     11      0      0      0     11     63     51     13     0
0000       0      1      0      0      0      0      1     64      9      7     0
0100       0      0      0      0      0      0      0     64      0      0     0
0200       0      0      0      0      0      0      0     64      0      0     0
0300       0      0      0      0      0      0      0     64      0      0     0
0400       0      0      0      0      0      0      0     64      0      0     0
0500       0      0      0      0      0      0      0     64      0      0     0
0600       0      0      0      0      0      0      0     64      0      0     0
0700       0      0      0      0      0      0      0     64      0      0     0
0800       0      0      0      0      0      0      0     64      0      0     0
0900       0      0      0      0      0      0      0     64      0      0     0
1000       0      0      0      0      0      0      0     64      0      0     0
1100       0      0      0      0      0      0      0     64      0      0     0
1200       0      0      0      0      0      0      0     64      0      0     0
1300       0      0      0      6      5      0     11     75     59     11     2
1400       0      0      0      0      6      0      6     81     40      9     1
1500       0      0      0      0     10      0     10     91     45     13     0
1600       0      0      0      0      8      0      8     99     48     10     0
1700       0      0      0      0      1      0      1    100     14      4     0
1800       0      0      0      0      0      0      0    100      0      0     0
1900       0      0      0      0      0      0      0    100      0      0     0
2000       0      0      0      1      0      0      1    101      3     18     0
2100       0      0      0      7      0      0      7    108     40     11     1
2200       0      0      0      0      0      0      0    108     60      0     0
2300       0      0      0      0      0      0      0    108     60      0     0
----------------------------------------------------------------------------------
QSOs       0      1     23     36     46      2    108
Mins       0      0     60    111    124      9    305
Q/h      0.0    0.0   22.9   19.5   22.2   13.0   21.3
------------------------------------------------------

The 1 minute rates were:
 1 QSOs/minute  108 times

The best 10 minute rate was 36/hour beginning at 2016-02-20 1202
The best 30 minute rate was 26/hour beginning at 2016-02-20 1200
The best 60 minute rate was 16/hour beginning at 2016-02-20 1756

Total band change count: 10

CQ count: 0

---------------- C o u n t r y   S u m m a r y ----------------
Prefix    160     80     40     20     15     10  Total    Pct
--------------------------------------------------------------
3V          0      0      0      0      1      0      1    0.9
4O          0      0      0      0      1      0      1    0.9
4X          0      0      0      0      1      0      1    0.9
5H          0      0      0      0      1      0      1    0.9
6Y          0      0      1      0      1      0      2    1.9
8P          0      0      0      1      1      0      2    1.9
9A          0      0      1      1      1      0      3    2.8
C6          0      0      0      1      0      0      1    0.9
CM          0      0      0      0      1      0      1    0.9
CN          0      0      1      0      0      0      1    0.9
CT          0      0      0      1      0      0      1    0.9
CT3         0      0      1      1      1      0      3    2.8
CU          0      0      0      1      1      0      2    1.9
D4          0      0      0      1      0      0      1    0.9
DL          0      0      0      1      1      0      2    1.9
E7          0      0      0      1      1      0      2    1.9
EA          0      0      0      1      1      0      2    1.9
EA6         0      0      0      1      1      0      2    1.9
EI          0      0      0      1      0      0      1    0.9
EU          0      0      0      0      1      0      1    0.9
F           0      0      0      1      1      0      2    1.9
FY          0      0      0      1      0      0      1    0.9
G           0      0      0      1      1      0      2    1.9
GM          0      0      1      1      1      0      3    2.8
HA          0      0      1      1      1      0      3    2.8
HB          0      0      0      1      0      0      1    0.9
HI          0      0      1      0      1      0      2    1.9
HK          0      0      1      0      0      0      1    0.9
HP          0      0      0      1      0      0      1    0.9
I           0      0      1      1      1      0      3    2.8
JA          0      0      0      1      0      0      1    0.9
KH6         0      0      0      0      1      0      1    0.9
KP2         0      0      0      1      1      0      2    1.9
KP4         0      0      1      1      1      0      3    2.8
LA          0      0      0      0      1      0      1    0.9
LX          0      0      1      0      0      0      1    0.9
LZ          0      0      0      0      1      0      1    0.9
OE          0      0      1      0      0      0      1    0.9
OH          0      0      0      1      1      0      2    1.9
OK          0      0      1      1      1      0      3    2.8
OM          0      0      1      0      1      0      2    1.9
ON          0      0      0      1      0      0      1    0.9
P4          0      0      1      1      1      1      4    3.7
PA          0      0      0      1      1      0      2    1.9
PJ2         0      1      1      0      1      0      3    2.8
PJ4         0      0      0      1      1      0      2    1.9
PJ5         0      0      0      0      1      0      1    0.9
PY          0      0      0      0      1      1      2    1.9
S5          0      0      1      1      1      0      3    2.8
SP          0      0      1      0      1      0      2    1.9
SV          0      0      0      0      1      0      1    0.9
TI          0      0      1      0      0      0      1    0.9
TK          0      0      0      0      1      0      1    0.9
UA          0      0      0      1      1      0      2    1.9
UA9         0      0      0      1      0      0      1    0.9
UR          0      0      1      0      0      0      1    0.9
V2          0      0      1      0      1      0      2    1.9
V3          0      0      0      0      1      0      1    0.9
V4          0      0      1      0      0      0      1    0.9
VP2M        0      0      1      1      0      0      2    1.9
VP5         0      0      0      1      1      0      2    1.9
VP9         0      0      0      1      0      0      1    0.9
YO          0      0      0      0      1      0      1    0.9
ZF          0      0      0      1      1      0      2    1.9
--------------------------------------------------------------

--------------------- Different Countries --------------------
            0      1     23     36     45      2     64
--------------------------------------------------------------

------------------------ QSOs by Continent --------------------------
Continent        160     80     40     20     15     10  Total    Pct
---------------------------------------------------------------------
North America      0      0      7      9     11      0     27   25.0
South America      0      1      3      3      4      2     13   12.0
Europe             0      0     11     20     25      0     56   51.9
Asia               0      0      0      2      1      0      3    2.8
Africa             0      0      2      2      3      0      7    6.5
Oceania            0      0      0      0      1      0      1    0.9
---------------------------------------------------------------------

---------- C a l l  S i g n  S t a t i s t i c s ----------

  91 different calls worked
  77 different calls worked on  1 band-modes
  12 different calls worked on  2 band-modes

No stations were worked on all bands

Call Sign Length Counts
-----------------------
 3 letters    3 QSOs
 4 letters   71 QSOs
 5 letters   23 QSOs
 6 letters    9 QSOs
 8 letters    1 QSOs
 9 letters    1 QSOs
